# Wave arrival time data for Bayesian hypocentre location
# Latitude, Longitude, Elevation(km), P-wave(s), S-wave(s)
35.0094  135.7304  -0.674  3.9983  6.6714
34.7159  135.5199  -1.002  2.9318  5.1230
34.8983  135.7461  -0.791  2.7002  4.8450
34.6628  135.3896  -1.993  4.6666  8.1520
34.7630  135.7052   0.04   2.5732   -1234
35.0469  135.4846   0.073  4.6214  8.0706
34.9286  135.4677   0.64   3.2787   -1234
35.0713  135.5091   0.18   4.8322  8.3990
34.7785  135.6970   0.21    -1234   -1234
34.8621  135.5694   0.138   -1234   -1234
35.0625  135.7630   0.18   5.1884   -1234
34.8521  135.9048   0.29   4.7214  8.2709
34.6568  135.6822   0.26    -1234   -1234
34.8635  135.5706   0.138  1.9000  3.4341
34.8209  135.3330  -0.211  4.5943  8.0368
34.6591  135.5118  -0.526  3.9344   -1234
34.8900  135.3744  -0.736  3.9426  6.8460
